#Camera Parameters: K   R   T ------  X_world = R X_camera + T
#K (intrinsic matrix): the first 3*3 matrix 
#R (rotational matrix): the second 3*3 matrix 
#T (translation vector): the final line 

141

1474.7399262	0.0000000	479.5000000	
0.0000000	1474.7399262	269.5000000	
0.0000000	0.0000000	1.0000000	
1.0000000000	0.0000000000	-0.0000000000	
0.0000000000	1.0000000000	-0.0000000000	
-0.0000000000	-0.0000000000	1.0000000000	
-0.0000000000	-0.0000000000	0.0000000000	


1474.7399262	0.0000000	479.5000000	
0.0000000	1474.7399262	269.5000000	
0.0000000	0.0000000	1.0000000	
0.9999993068	0.0011322771	0.0003229279	
-0.0011322443	0.9999993539	-0.0001015368	
-0.0003230427	0.0001011711	0.9999999427	
-0.4822408747	0.0203936652	0.1483181625	


1474.7399262	0.0000000	479.5000000	
0.0000000	1474.7399262	269.5000000	
0.0000000	0.0000000	1.0000000	
0.9999973371	0.0021324334	0.0008823797	
-0.0021320529	0.9999976339	-0.0004319752	
-0.0008832988	0.0004300927	0.9999995174	
-0.9544542480	0.0453056864	0.1537189611	


1474.7399262	0.0000000	479.5000000	
0.0000000	1474.7399262	269.5000000	
0.0000000	0.0000000	1.0000000	
0.9999980758	0.0011285234	0.0016046019	
-0.0011275058	0.9999991628	-0.0006349332	
-0.0016053171	0.0006331228	0.9999985111	
-1.4299549946	0.0229926597	0.2308694958	


1474.7399262	0.0000000	479.5000000	
0.0000000	1474.7399262	269.5000000	
0.0000000	0.0000000	1.0000000	
0.9999970613	0.0010106320	0.0022036158	
-0.0010081767	0.9999988701	-0.0011150428	
-0.0022047402	0.0011128179	0.9999969504	
-1.9217815010	0.0342868186	0.2672337317	


1474.7399262	0.0000000	479.5000000	
0.0000000	1474.7399262	269.5000000	
0.0000000	0.0000000	1.0000000	
0.9999962395	0.0018090988	0.0020610938	
-0.0018053565	0.9999967213	-0.0018160681	
-0.0020643725	0.0018123403	0.9999962269	
-2.3918471565	0.0569642974	0.3703373984	


1474.7399262	0.0000000	479.5000000	
0.0000000	1474.7399262	269.5000000	
0.0000000	0.0000000	1.0000000	
0.9999885712	0.0041086999	0.0024446126	
-0.0041028436	0.9999887134	-0.0023957868	
-0.0024544285	0.0023857296	0.9999941420	
-2.8600450542	0.0972348719	0.3931577917	


1474.7399262	0.0000000	479.5000000	
0.0000000	1474.7399262	269.5000000	
0.0000000	0.0000000	1.0000000	
0.9999644115	0.0080146102	0.0026347130	
-0.0080081069	0.9999648849	-0.0024696676	
-0.0026544139	0.0024484806	0.9999934795	
-3.3351020016	0.1038573442	0.4074448510	


1474.7399262	0.0000000	479.5000000	
0.0000000	1474.7399262	269.5000000	
0.0000000	0.0000000	1.0000000	
0.9999244788	0.0120203128	0.0025590449	
-0.0120142941	0.9999250538	-0.0023544714	
-0.0025871546	0.0023235485	0.9999939539	
-3.8148307582	0.1322752493	0.4588620438	


1474.7399262	0.0000000	479.5000000	
0.0000000	1474.7399262	269.5000000	
0.0000000	0.0000000	1.0000000	
0.9998812813	0.0150725402	0.0032002784	
-0.0150657266	0.9998842098	-0.0021426121	
-0.0032322024	0.0020941432	0.9999925837	
-4.2930274231	0.1753316785	0.4248761840	


1474.7399262	0.0000000	479.5000000	
0.0000000	1474.7399262	269.5000000	
0.0000000	0.0000000	1.0000000	
0.9998907176	0.0143851577	0.0034088277	
-0.0143826346	0.9998962731	-0.0007635039	
-0.0034194573	0.0007143925	0.9999938985	
-4.7882440780	0.1470007115	0.4609958015	


1474.7399262	0.0000000	479.5000000	
0.0000000	1474.7399262	269.5000000	
0.0000000	0.0000000	1.0000000	
0.9998965467	0.0139953379	0.0033206019	
-0.0139949638	0.9999020565	-0.0001358628	
-0.0033221781	0.0000893770	0.9999944776	
-5.2658354036	0.1721452065	0.4885188223	


1474.7399262	0.0000000	479.5000000	
0.0000000	1474.7399262	269.5000000	
0.0000000	0.0000000	1.0000000	
0.9998996881	0.0137561044	0.0033739321	
-0.0137585456	0.9999051007	0.0007013818	
-0.0033639636	-0.0007477319	0.9999940623	
-5.7166198115	0.1830162666	0.5750140176	


1474.7399262	0.0000000	479.5000000	
0.0000000	1474.7399262	269.5000000	
0.0000000	0.0000000	1.0000000	
0.9999247255	0.0115888303	0.0040301726	
-0.0115974425	0.9999304997	0.0021201664	
-0.0040053223	-0.0021667465	0.9999896312	
-6.2126229582	0.1683862255	0.5734487998	


1474.7399262	0.0000000	479.5000000	
0.0000000	1474.7399262	269.5000000	
0.0000000	0.0000000	1.0000000	
0.9999322207	0.0108955497	0.0041037868	
-0.0109072857	0.9999364570	0.0028483539	
-0.0040724917	-0.0028929220	0.9999875228	
-6.6964959262	0.1722365538	0.5770841572	


1474.7399262	0.0000000	479.5000000	
0.0000000	1474.7399262	269.5000000	
0.0000000	0.0000000	1.0000000	
0.9999147251	0.0124591175	0.0039131817	
-0.0124701273	0.9999183195	0.0028018151	
-0.0038779540	-0.0028503740	0.9999884184	
-7.1770472200	0.1714062735	0.5742599257	


1474.7399262	0.0000000	479.5000000	
0.0000000	1474.7399262	269.5000000	
0.0000000	0.0000000	1.0000000	
0.9998966481	0.0137783726	0.0041048121	
-0.0137889357	0.9999016606	0.0025562530	
-0.0040691875	-0.0026125898	0.9999883080	
-7.6440634264	0.1963756110	0.6275114826	


1474.7399262	0.0000000	479.5000000	
0.0000000	1474.7399262	269.5000000	
0.0000000	0.0000000	1.0000000	
0.9998656878	0.0158221578	0.0042738428	
-0.0158322887	0.9998719067	0.0023470998	
-0.0042361591	-0.0024144492	0.9999881126	
-8.1473028081	0.2064765071	0.6229654916	


1474.7399262	0.0000000	479.5000000	
0.0000000	1474.7399262	269.5000000	
0.0000000	0.0000000	1.0000000	
0.9998300606	0.0180018783	0.0039726972	
-0.0180111382	0.9998351234	0.0023075638	
-0.0039305017	-0.0023787245	0.9999894464	
-8.6099308138	0.2121427903	0.6371615654	


1474.7399262	0.0000000	479.5000000	
0.0000000	1474.7399262	269.5000000	
0.0000000	0.0000000	1.0000000	
0.9997651598	0.0212240363	0.0043778428	
-0.0212342702	0.9997718714	0.0023045584	
-0.0043279320	-0.0023969775	0.9999877617	
-9.1030813256	0.2140106361	0.6849801144	


1474.7399262	0.0000000	479.5000000	
0.0000000	1474.7399262	269.5000000	
0.0000000	0.0000000	1.0000000	
0.9997354057	0.0225840526	0.0043679648	
-0.0225927171	0.9997428608	0.0019445770	
-0.0043229252	-0.0020427467	0.9999885697	
-9.5974109991	0.2261279992	0.6797894379	


1474.7399262	0.0000000	479.5000000	
0.0000000	1474.7399262	269.5000000	
0.0000000	0.0000000	1.0000000	
0.9997118633	0.0236740457	0.0039660946	
-0.0236810315	0.9997180789	0.0017237836	
-0.0039241676	-0.0018172081	0.9999906493	
-10.0545221488	0.2248143544	0.6905361526	


1474.7399262	0.0000000	479.5000000	
0.0000000	1474.7399262	269.5000000	
0.0000000	0.0000000	1.0000000	
0.9996398351	0.0264714600	0.0044115542	
-0.0264795531	0.9996477591	0.0017863144	
-0.0043627139	-0.0019024870	0.9999886736	
-10.5156820512	0.2285439355	0.6739065255	


1474.7399262	0.0000000	479.5000000	
0.0000000	1474.7399262	269.5000000	
0.0000000	0.0000000	1.0000000	
0.9996133910	0.0273290405	0.0051178119	
-0.0273377539	0.9996249078	0.0016403963	
-0.0050710618	-0.0017796716	0.9999855584	
-11.0088203735	0.2388143834	0.7151990562	


1474.7399262	0.0000000	479.5000000	
0.0000000	1474.7399262	269.5000000	
0.0000000	0.0000000	1.0000000	
0.9996368454	0.0263733607	0.0055338266	
-0.0263815101	0.9996509603	0.0014048346	
-0.0054948449	-0.0015503152	0.9999837015	
-11.4703358355	0.2392436802	0.7188879475	


1474.7399262	0.0000000	479.5000000	
0.0000000	1474.7399262	269.5000000	
0.0000000	0.0000000	1.0000000	
0.9997021352	0.0236851795	0.0058866845	
-0.0236911444	0.9997188782	0.0009456131	
-0.0058626326	-0.0010847937	0.9999822262	
-11.9596835343	0.2330616911	0.7324686705	


1474.7399262	0.0000000	479.5000000	
0.0000000	1474.7399262	269.5000000	
0.0000000	0.0000000	1.0000000	
0.9997712322	0.0204382867	0.0063055228	
-0.0204409033	0.9997910014	0.0003507965	
-0.0062970353	-0.0004796068	0.9999800585	
-12.4088314212	0.2579185723	0.7565658047	


1474.7399262	0.0000000	479.5000000	
0.0000000	1474.7399262	269.5000000	
0.0000000	0.0000000	1.0000000	
0.9998088681	0.0181990201	0.0071430360	
-0.0182004291	0.9998343497	0.0001322973	
-0.0071394451	-0.0002622784	0.9999744794	
-12.8575216829	0.2679415119	0.7920222335	


1474.7399262	0.0000000	479.5000000	
0.0000000	1474.7399262	269.5000000	
0.0000000	0.0000000	1.0000000	
0.9998290809	0.0167099054	0.0079112579	
-0.0167127543	0.9998602889	0.0002941379	
-0.0079052376	-0.0004263066	0.9999686622	
-13.3410656674	0.2772887356	0.7748122319	


1474.7399262	0.0000000	479.5000000	
0.0000000	1474.7399262	269.5000000	
0.0000000	0.0000000	1.0000000	
0.9998473122	0.0154499469	0.0081640328	
-0.0154506237	0.9998806318	0.0000198287	
-0.0081627520	-0.0001459651	0.9999666735	
-13.8092629163	0.2747300078	0.8045649983	


1474.7399262	0.0000000	479.5000000	
0.0000000	1474.7399262	269.5000000	
0.0000000	0.0000000	1.0000000	
0.9998610640	0.0144312059	0.0083422358	
-0.0144287677	0.9998958378	-0.0003523913	
-0.0083464523	0.0002319741	0.9999651409	
-14.2765015655	0.2861116513	0.8525655788	


1474.7399262	0.0000000	479.5000000	
0.0000000	1474.7399262	269.5000000	
0.0000000	0.0000000	1.0000000	
0.9998658958	0.0138453111	0.0087463046	
-0.0138413187	0.9999040708	-0.0005168371	
-0.0087526213	0.0003957074	0.9999616168	
-14.7365962213	0.2974644492	0.8363115803	


1474.7399262	0.0000000	479.5000000	
0.0000000	1474.7399262	269.5000000	
0.0000000	0.0000000	1.0000000	
0.9998566286	0.0140478461	0.0094541137	
-0.0140395676	0.9999009972	-0.0009414578	
-0.0094664031	0.0008085911	0.9999548657	
-15.1952213918	0.3090132434	0.8772292932	


1474.7399262	0.0000000	479.5000000	
0.0000000	1474.7399262	269.5000000	
0.0000000	0.0000000	1.0000000	
0.9998374092	0.0151317909	0.0098073457	
-0.0151212979	0.9998850131	-0.0011431794	
-0.0098235164	0.0009946938	0.9999512534	
-15.6825218978	0.2972328906	0.8837221807	


1474.7399262	0.0000000	479.5000000	
0.0000000	1474.7399262	269.5000000	
0.0000000	0.0000000	1.0000000	
0.9998231335	0.0161005427	0.0097197841	
-0.0160826371	0.9998688273	-0.0019175432	
-0.0097493826	0.0017608843	0.9999509232	
-16.1309130402	0.2955247777	0.9263963014	


1474.7399262	0.0000000	479.5000000	
0.0000000	1474.7399262	269.5000000	
0.0000000	0.0000000	1.0000000	
0.9998059286	0.0168936587	0.0101345669	
-0.0168678494	0.9998542773	-0.0026267549	
-0.0101774656	0.0024552967	0.9999451939	
-16.5866300032	0.3193437201	0.9387658971	


1474.7399262	0.0000000	479.5000000	
0.0000000	1474.7399262	269.5000000	
0.0000000	0.0000000	1.0000000	
0.9997539109	0.0193887036	0.0107794166	
-0.0193583369	0.9998083623	-0.0029143409	
-0.0108338562	0.0027049522	0.9999376535	
-17.0538832875	0.3293427401	0.9756779107	


1474.7399262	0.0000000	479.5000000	
0.0000000	1474.7399262	269.5000000	
0.0000000	0.0000000	1.0000000	
0.9997499529	0.0193915163	0.0111355600	
-0.0193572702	0.9998075893	-0.0031749877	
-0.0111949853	0.0029586397	0.9999329571	
-17.5314133257	0.3497224127	0.9867496820	


1474.7399262	0.0000000	479.5000000	
0.0000000	1474.7399262	269.5000000	
0.0000000	0.0000000	1.0000000	
0.9997958381	0.0169116116	0.0110580050	
-0.0168774097	0.9998525126	-0.0031789953	
-0.0111101360	0.0029917158	0.9999338051	
-17.9724467471	0.3619867794	1.0421131765	


1474.7399262	0.0000000	479.5000000	
0.0000000	1474.7399262	269.5000000	
0.0000000	0.0000000	1.0000000	
0.9998188487	0.0149736842	0.0117498320	
-0.0149394908	0.9998839215	-0.0029925191	
-0.0117932772	0.0028164404	0.9999264904	
-18.4355415105	0.3800140200	1.0320760408	


1474.7399262	0.0000000	479.5000000	
0.0000000	1474.7399262	269.5000000	
0.0000000	0.0000000	1.0000000	
0.9998609348	0.0116959540	0.0118876252	
-0.0116684033	0.9999290792	-0.0023843162	
-0.0119146690	0.0022452750	0.9999264970	
-18.9066819974	0.3645937398	1.0582594600	


1474.7399262	0.0000000	479.5000000	
0.0000000	1474.7399262	269.5000000	
0.0000000	0.0000000	1.0000000	
0.9998892224	0.0091574741	0.0117338639	
-0.0091319750	0.9999558275	-0.0022248669	
-0.0117537198	0.0021174670	0.9999286807	
-19.3395008163	0.3692440580	1.0708147353	


1474.7399262	0.0000000	479.5000000	
0.0000000	1474.7399262	269.5000000	
0.0000000	0.0000000	1.0000000	
0.9998633498	0.0112312932	0.0121301166	
-0.0112018896	0.9999341585	-0.0024892483	
-0.0121572754	0.0023530279	0.9999233290	
-19.7773915096	0.4000383422	1.1088885676	


1474.7399262	0.0000000	479.5000000	
0.0000000	1474.7399262	269.5000000	
0.0000000	0.0000000	1.0000000	
0.9998289606	0.0135545406	0.0125826872	
-0.0135265531	0.9999058512	-0.0023067348	
-0.0126127693	0.0021361398	0.9999181741	
-20.2460199649	0.3932590119	1.1392380673	


1474.7399262	0.0000000	479.5000000	
0.0000000	1474.7399262	269.5000000	
0.0000000	0.0000000	1.0000000	
0.9998146704	0.0147347062	0.0123900471	
-0.0147046817	0.9998887277	-0.0025108999	
-0.0124256659	0.0023282428	0.9999200879	
-20.7198480171	0.3603772237	1.1681895059	


1474.7399262	0.0000000	479.5000000	
0.0000000	1474.7399262	269.5000000	
0.0000000	0.0000000	1.0000000	
0.9997779015	0.0172595429	0.0120936246	
-0.0172222292	0.9998466206	-0.0031827898	
-0.0121467032	0.0029738038	0.9999218040	
-21.1541681631	0.3746873310	1.1455548633	


1474.7399262	0.0000000	479.5000000	
0.0000000	1474.7399262	269.5000000	
0.0000000	0.0000000	1.0000000	
0.9997387781	0.0191454550	0.0124830692	
-0.0191058799	0.9998120796	-0.0032819006	
-0.0125435569	0.0030425433	0.9999166976	
-21.6078901087	0.4061563200	1.1809030723	


1474.7399262	0.0000000	479.5000000	
0.0000000	1474.7399262	269.5000000	
0.0000000	0.0000000	1.0000000	
0.9997659950	0.0174043163	0.0128469831	
-0.0173658367	0.9998443945	-0.0031007354	
-0.0128989502	0.0028769112	0.9999126664	
-22.0809624265	0.4275490642	1.1553670197	


1474.7399262	0.0000000	479.5000000	
0.0000000	1474.7399262	269.5000000	
0.0000000	0.0000000	1.0000000	
0.9997758605	0.0169160267	0.0127309399	
-0.0168818604	0.9998536086	-0.0027864266	
-0.0127762115	0.0025708801	0.9999150759	
-22.5214820777	0.4105716472	1.2029826833	


1474.7399262	0.0000000	479.5000000	
0.0000000	1474.7399262	269.5000000	
0.0000000	0.0000000	1.0000000	
0.9997506000	0.0184849336	0.0125317598	
-0.0184493015	0.9998254363	-0.0029530152	
-0.0125841585	0.0027210765	0.9999171139	
-22.9746970189	0.4502223213	1.1748058428	


1474.7399262	0.0000000	479.5000000	
0.0000000	1474.7399262	269.5000000	
0.0000000	0.0000000	1.0000000	
0.9997178015	0.0200518691	0.0127373418	
-0.0200226104	0.9997965975	-0.0024204818	
-0.0127832861	0.0021647639	0.9999159472	
-23.4016016109	0.4438552642	1.2130342717	


1474.7399262	0.0000000	479.5000000	
0.0000000	1474.7399262	269.5000000	
0.0000000	0.0000000	1.0000000	
0.9996827572	0.0213771657	0.0133192227	
-0.0213504353	0.9997697505	-0.0021458876	
-0.0133620290	0.0018608356	0.9999089926	
-23.8764604292	0.4323343905	1.1979999046	


1474.7399262	0.0000000	479.5000000	
0.0000000	1474.7399262	269.5000000	
0.0000000	0.0000000	1.0000000	
0.9996721109	0.0219808992	0.0131343366	
-0.0219547412	0.9997566914	-0.0021324657	
-0.0131780145	0.0018434055	0.9999114670	
-24.3251155067	0.4327330675	1.2230904640	


1474.7399262	0.0000000	479.5000000	
0.0000000	1474.7399262	269.5000000	
0.0000000	0.0000000	1.0000000	
0.9996210901	0.0242937793	0.0129417320	
-0.0242616298	0.9997021696	-0.0026354305	
-0.0130019022	0.0023204444	0.9999127792	
-24.7476620733	0.4502609814	1.2502765177	


1474.7399262	0.0000000	479.5000000	
0.0000000	1474.7399262	269.5000000	
0.0000000	0.0000000	1.0000000	
0.9995855754	0.0254604160	0.0134329706	
-0.0254253078	0.9996728649	-0.0027779455	
-0.0134993039	0.0024352568	0.9999059147	
-25.1870669041	0.4757064067	1.2732648548	


1474.7399262	0.0000000	479.5000000	
0.0000000	1474.7399262	269.5000000	
0.0000000	0.0000000	1.0000000	
0.9996301499	0.0235099330	0.0136691759	
-0.0234791083	0.9997214200	-0.0024111994	
-0.0137220551	0.0020893676	0.9999036652	
-25.6500024635	0.4750455375	1.2307242544	


1474.7399262	0.0000000	479.5000000	
0.0000000	1474.7399262	269.5000000	
0.0000000	0.0000000	1.0000000	
0.9996708553	0.0217947989	0.0135339527	
-0.0217650668	0.9997603738	-0.0023402840	
-0.0135817156	0.0020449463	0.9999056731	
-26.0835824158	0.4809504138	1.2449550404	


1474.7399262	0.0000000	479.5000000	
0.0000000	1474.7399262	269.5000000	
0.0000000	0.0000000	1.0000000	
0.9997052870	0.0202067220	0.0134546448	
-0.0201839779	0.9997946188	-0.0018240915	
-0.0134887404	0.0015519857	0.9999078184	
-26.5005870949	0.5047975685	1.2573634971	


1474.7399262	0.0000000	479.5000000	
0.0000000	1474.7399262	269.5000000	
0.0000000	0.0000000	1.0000000	
0.9997194245	0.0194339763	0.0135422633	
-0.0194224324	0.9998108831	-0.0009834430	
-0.0135588145	0.0007201434	0.9999078157	
-26.9300099470	0.5021938477	1.2773833217	


1474.7399262	0.0000000	479.5000000	
0.0000000	1474.7399262	269.5000000	
0.0000000	0.0000000	1.0000000	
0.9997102659	0.0198155188	0.0136648961	
-0.0198149640	0.9998036488	-0.0001760085	
-0.0136657007	-0.0000948120	0.9999066155	
-27.3782603663	0.5287751727	1.2361976624	


1474.7399262	0.0000000	479.5000000	
0.0000000	1474.7399262	269.5000000	
0.0000000	0.0000000	1.0000000	
0.9997017305	0.0202902897	0.0135924301	
-0.0203019056	0.9997936379	0.0007171363	
-0.0135750743	-0.0009928747	0.9999073615	
-27.7913796665	0.5001379521	1.3084414994	


1474.7399262	0.0000000	479.5000000	
0.0000000	1474.7399262	269.5000000	
0.0000000	0.0000000	1.0000000	
0.9996431924	0.0229194045	0.0137181907	
-0.0229350246	0.9997364751	0.0009823876	
-0.0136920599	-0.0012966641	0.9999054186	
-28.2174217254	0.5134738789	1.3082931092	


1474.7399262	0.0000000	479.5000000	
0.0000000	1474.7399262	269.5000000	
0.0000000	0.0000000	1.0000000	
0.9995931140	0.0249087552	0.0138982138	
-0.0249235211	0.9996889644	0.0008902129	
-0.0138717169	-0.0012362431	0.9999030189	
-28.6617118581	0.5170352252	1.3030404840	


1474.7399262	0.0000000	479.5000000	
0.0000000	1474.7399262	269.5000000	
0.0000000	0.0000000	1.0000000	
0.9995804419	0.0255309623	0.0136788237	
-0.0255423829	0.9996735217	0.0006608319	
-0.0136574862	-0.0010099444	0.9999062221	
-29.0964545981	0.5119998694	1.3303165201	


1474.7399262	0.0000000	479.5000000	
0.0000000	1474.7399262	269.5000000	
0.0000000	0.0000000	1.0000000	
0.9996071654	0.0246241974	0.0133852078	
-0.0246237344	0.9996967700	-0.0001994234	
-0.0133860596	-0.0001302487	0.9999103942	
-29.4952966826	0.5056638311	1.3794923955	


1474.7399262	0.0000000	479.5000000	
0.0000000	1474.7399262	269.5000000	
0.0000000	0.0000000	1.0000000	
0.9996370508	0.0231073766	0.0138497581	
-0.0230978658	0.9997328505	-0.0008462972	
-0.0138656139	0.0005260902	0.9999037294	
-29.9308974071	0.5383062394	1.3109294272	


1474.7399262	0.0000000	479.5000000	
0.0000000	1474.7399262	269.5000000	
0.0000000	0.0000000	1.0000000	
0.9997167503	0.0191062154	0.0141905516	
-0.0190933691	0.9998171639	-0.0010402133	
-0.0142078316	0.0007689732	0.9998987680	
-30.3509240118	0.5370022298	1.3345035783	


1474.7399262	0.0000000	479.5000000	
0.0000000	1474.7399262	269.5000000	
0.0000000	0.0000000	1.0000000	
0.9997928466	0.0149702761	0.0137896595	
-0.0149537901	0.9998873435	-0.0012978706	
-0.0138075355	0.0010913941	0.9999040758	
-30.7787994714	0.5104781815	1.3255308400	


1474.7399262	0.0000000	479.5000000	
0.0000000	1474.7399262	269.5000000	
0.0000000	0.0000000	1.0000000	
0.9998199757	0.0131095513	0.0137169913	
-0.0130857714	0.9999127178	-0.0018219321	
-0.0137396788	0.0016421067	0.9999042578	
-31.1858953257	0.5485820257	1.3126632112	


1474.7399262	0.0000000	479.5000000	
0.0000000	1474.7399262	269.5000000	
0.0000000	0.0000000	1.0000000	
0.9998348963	0.0120194516	0.0136276538	
-0.0119923911	0.9999259550	-0.0020656940	
-0.0136514733	0.0019019248	0.9999050055	
-31.5846961418	0.5511831892	1.3251340311	


1474.7399262	0.0000000	479.5000000	
0.0000000	1474.7399262	269.5000000	
0.0000000	0.0000000	1.0000000	
0.9997956481	0.0149383113	0.0136201630	
-0.0149183525	0.9998874892	-0.0015658125	
-0.0136420212	0.0013623021	0.9999060153	
-32.0041614992	0.5476738510	1.3312054516	


1474.7399262	0.0000000	479.5000000	
0.0000000	1474.7399262	269.5000000	
0.0000000	0.0000000	1.0000000	
0.9997454628	0.0182208146	0.0133045691	
-0.0182024544	0.9998331967	-0.0014997932	
-0.0133296773	0.0012572356	0.9999103655	
-32.4345321349	0.5533281075	1.3280669496	


1474.7399262	0.0000000	479.5000000	
0.0000000	1474.7399262	269.5000000	
0.0000000	0.0000000	1.0000000	
0.9997080057	0.0204191705	0.0129213352	
-0.0204033750	0.9997909138	-0.0013530993	
-0.0129462626	0.0010890654	0.9999156005	
-32.8397192761	0.5661007409	1.3342958733	


1474.7399262	0.0000000	479.5000000	
0.0000000	1474.7399262	269.5000000	
0.0000000	0.0000000	1.0000000	
0.9996675758	0.0220983189	0.0132816493	
-0.0220909597	0.9997557195	-0.0007005561	
-0.0132938860	0.0004069188	0.9999115496	
-33.2595554645	0.5821695309	1.3346455020	


1474.7399262	0.0000000	479.5000000	
0.0000000	1474.7399262	269.5000000	
0.0000000	0.0000000	1.0000000	
0.9996710108	0.0218980195	0.0133546552	
-0.0218954858	0.9997602087	-0.0003359190	
-0.0133588089	0.0000434018	0.9999107662	
-33.6711466004	0.5795796155	1.3463257836	


1474.7399262	0.0000000	479.5000000	
0.0000000	1474.7399262	269.5000000	
0.0000000	0.0000000	1.0000000	
0.9996758342	0.0215526401	0.0135539765	
-0.0215547578	0.9997676692	0.0000101617	
-0.0135506085	-0.0003023110	0.9999081406	
-34.0858748331	0.5840658564	1.3232536553	


1474.7399262	0.0000000	479.5000000	
0.0000000	1474.7399262	269.5000000	
0.0000000	0.0000000	1.0000000	
0.9997358012	0.0185539277	0.0135675954	
-0.0185529132	0.9998278598	-0.0002006448	
-0.0135689826	-0.0000511266	0.9999079358	
-34.4784493129	0.5954572683	1.3354148526	


1474.7399262	0.0000000	479.5000000	
0.0000000	1474.7399262	269.5000000	
0.0000000	0.0000000	1.0000000	
0.9998144416	0.0135251275	0.0137168975	
-0.0135188277	0.9999084642	-0.0005518919	
-0.0137231063	0.0003663531	0.9999057666	
-34.8704940594	0.5698401222	1.3622320022	


1474.7399262	0.0000000	479.5000000	
0.0000000	1474.7399262	269.5000000	
0.0000000	0.0000000	1.0000000	
0.9998502009	0.0105712415	0.0137049154	
-0.0105442780	0.9999423303	-0.0020382025	
-0.0137256714	0.0018933888	0.9999040059	
-35.2525015302	0.5418493323	1.4323697557	


1474.7399262	0.0000000	479.5000000	
0.0000000	1474.7399262	269.5000000	
0.0000000	0.0000000	1.0000000	
0.9998459342	0.0105507821	0.0140281456	
-0.0104853253	0.9999338333	-0.0047314912	
-0.0140771383	0.0045836725	0.9998904061	
-35.6311496814	0.5232827308	1.4854684190	


1474.7399262	0.0000000	479.5000000	
0.0000000	1474.7399262	269.5000000	
0.0000000	0.0000000	1.0000000	
0.9998445550	0.0097923081	0.0146620780	
-0.0096799209	0.9999233736	-0.0077166106	
-0.0147365180	0.0075734834	0.9998627293	
-36.0831964861	0.5595801482	1.3894683258	


1474.7399262	0.0000000	479.5000000	
0.0000000	1474.7399262	269.5000000	
0.0000000	0.0000000	1.0000000	
0.9998569121	0.0091299683	0.0142407511	
-0.0090122508	0.9999248702	-0.0083086242	
-0.0143155387	0.0081790941	0.9998640746	
-36.5123167328	0.5467225609	1.3456361028	


1474.7399262	0.0000000	479.5000000	
0.0000000	1474.7399262	269.5000000	
0.0000000	0.0000000	1.0000000	
0.9998134098	0.0131906048	0.0141121795	
-0.0130427836	0.9998596401	-0.0105159862	
-0.0142489109	0.0103299619	0.9998451182	
-36.8543157649	0.5767400312	1.4331641071	


1474.7399262	0.0000000	479.5000000	
0.0000000	1474.7399262	269.5000000	
0.0000000	0.0000000	1.0000000	
0.9997832596	0.0146040888	0.0148375987	
-0.0144389608	0.9998332943	-0.0111758639	
-0.0149983385	0.0109592022	0.9998274580	
-37.2901369864	0.5744450525	1.4105814515	


1474.7399262	0.0000000	479.5000000	
0.0000000	1474.7399262	269.5000000	
0.0000000	0.0000000	1.0000000	
0.9997949252	0.0136738969	0.0149376045	
-0.0134965675	0.9998380039	-0.0119083433	
-0.0150980181	0.0117042948	0.9998175130	
-37.7137411158	0.5591341790	1.4118597643	


1474.7399262	0.0000000	479.5000000	
0.0000000	1474.7399262	269.5000000	
0.0000000	0.0000000	1.0000000	
0.9998158021	0.0122788994	0.0147509464	
-0.0120941367	0.9998481024	-0.0125500619	
-0.0149028067	0.0123693503	0.9998124352	
-38.0918734862	0.5767865075	1.4074034101	


1474.7399262	0.0000000	479.5000000	
0.0000000	1474.7399262	269.5000000	
0.0000000	0.0000000	1.0000000	
0.9998250433	0.0112011801	0.0149805312	
-0.0110115495	0.9998589513	-0.0126816102	
-0.0151204672	0.0125144326	0.9998073617	
-38.5057085096	0.6141562412	1.3307810544	


1474.7399262	0.0000000	479.5000000	
0.0000000	1474.7399262	269.5000000	
0.0000000	0.0000000	1.0000000	
0.9998242510	0.0106920984	0.0153995524	
-0.0105065864	0.9998718643	-0.0120775242	
-0.0155267132	0.0119136049	0.9998084753	
-38.9242873012	0.6129361217	1.3020360914	


1474.7399262	0.0000000	479.5000000	
0.0000000	1474.7399262	269.5000000	
0.0000000	0.0000000	1.0000000	
0.9998132386	0.0118175758	0.0152915946	
-0.0116445949	0.9998677571	-0.0113521712	
-0.0154237276	0.0111719867	0.9998186312	
-39.2958995511	0.5989911116	1.3665353131	


1474.7399262	0.0000000	479.5000000	
0.0000000	1474.7399262	269.5000000	
0.0000000	0.0000000	1.0000000	
0.9997660739	0.0151311277	0.0154546582	
-0.0149633190	0.9998284481	-0.0109166605	
-0.0156171883	0.0106828538	0.9998209740	
-39.6972239295	0.6217429708	1.3092172867	


1474.7399262	0.0000000	479.5000000	
0.0000000	1474.7399262	269.5000000	
0.0000000	0.0000000	1.0000000	
0.9997547545	0.0158081721	0.0155091109	
-0.0156507835	0.9998253119	-0.0102175688	
-0.0156679228	0.0099723332	0.9998275195	
-40.0997742974	0.6305498654	1.3420017085	


1474.7399262	0.0000000	479.5000000	
0.0000000	1474.7399262	269.5000000	
0.0000000	0.0000000	1.0000000	
0.9997684707	0.0152329760	0.0151974173	
-0.0150914900	0.9998421045	-0.0093815203	
-0.0153379262	0.0091499966	0.9998405001	
-40.4869183246	0.6387445902	1.3339602433	


1474.7399262	0.0000000	479.5000000	
0.0000000	1474.7399262	269.5000000	
0.0000000	0.0000000	1.0000000	
0.9997672364	0.0150815976	0.0154278449	
-0.0149542038	0.9998533998	-0.0083397024	
-0.0155513592	0.0081070501	0.9998462037	
-40.8833425176	0.6467991322	1.3166286570	


1474.7399262	0.0000000	479.5000000	
0.0000000	1474.7399262	269.5000000	
0.0000000	0.0000000	1.0000000	
0.9997716331	0.0146176648	0.0155886342	
-0.0145007019	0.9998660525	-0.0075899116	
-0.0156974930	0.0073621321	0.9998496826	
-41.2783545644	0.6473111126	1.3235098024	


1474.7399262	0.0000000	479.5000000	
0.0000000	1474.7399262	269.5000000	
0.0000000	0.0000000	1.0000000	
0.9997749767	0.0143730533	0.0156016433	
-0.0142706721	0.9998760296	-0.0066538266	
-0.0156953449	0.0064296834	0.9998561473	
-41.6646264412	0.6229730774	1.3900967105	


1474.7399262	0.0000000	479.5000000	
0.0000000	1474.7399262	269.5000000	
0.0000000	0.0000000	1.0000000	
0.9997771492	0.0144242957	0.0154140101	
-0.0143304004	0.9998781868	-0.0061847472	
-0.0155013431	0.0059624800	0.9998620691	
-42.0599306488	0.6274101659	1.3681210221	


1474.7399262	0.0000000	479.5000000	
0.0000000	1474.7399262	269.5000000	
0.0000000	0.0000000	1.0000000	
0.9997665746	0.0153913898	0.0151624995	
-0.0153048966	0.9998660277	-0.0058040389	
-0.0152498004	0.0055706236	0.9998681972	
-42.4346420699	0.6339850419	1.3880415704	


1474.7399262	0.0000000	479.5000000	
0.0000000	1474.7399262	269.5000000	
0.0000000	0.0000000	1.0000000	
0.9997551605	0.0159178901	0.0153700948	
-0.0158313638	0.9998582294	-0.0057348882	
-0.0154592031	0.0054901545	0.9998654266	
-42.8260393821	0.6644189964	1.3484525846	


1474.7399262	0.0000000	479.5000000	
0.0000000	1474.7399262	269.5000000	
0.0000000	0.0000000	1.0000000	
0.9997358812	0.0168976239	0.0155768440	
-0.0168170847	0.9998446045	-0.0052870206	
-0.0156637615	0.0050236671	0.9998646955	
-43.1994021369	0.6347320797	1.4018019759	


1474.7399262	0.0000000	479.5000000	
0.0000000	1474.7399262	269.5000000	
0.0000000	0.0000000	1.0000000	
0.9996750623	0.0200440497	0.0157482041	
-0.0199663751	0.9997877760	-0.0050741401	
-0.0158465683	0.0047580568	0.9998631142	
-43.6500903807	0.6079371071	1.3067884243	


1474.7399262	0.0000000	479.5000000	
0.0000000	1474.7399262	269.5000000	
0.0000000	0.0000000	1.0000000	
0.9996838775	0.0198518864	0.0154287959	
-0.0197637648	0.9997876030	-0.0058431559	
-0.0155415165	0.0055363777	0.9998638956	
-44.0088410397	0.6372591752	1.3714459608	


1474.7399262	0.0000000	479.5000000	
0.0000000	1474.7399262	269.5000000	
0.0000000	0.0000000	1.0000000	
0.9997071530	0.0186958960	0.0153646249	
-0.0186019428	0.9998075262	-0.0062352468	
-0.0154782411	0.0059476090	0.9998625155	
-44.3777760417	0.6352305158	1.3788389231	


1474.7399262	0.0000000	479.5000000	
0.0000000	1474.7399262	269.5000000	
0.0000000	0.0000000	1.0000000	
0.9997055961	0.0186500575	0.0155208430	
-0.0185509820	0.9998067669	-0.0065030682	
-0.0156391265	0.0062132268	0.9998583967	
-44.7622950328	0.6435288878	1.3389711658	


1474.7399262	0.0000000	479.5000000	
0.0000000	1474.7399262	269.5000000	
0.0000000	0.0000000	1.0000000	
0.9997123491	0.0180361518	0.0158087386	
-0.0179384948	0.9998192589	-0.0062976063	
-0.0159194659	0.0060122098	0.9998552015	
-45.1735016573	0.6089497559	1.3187356841	


1474.7399262	0.0000000	479.5000000	
0.0000000	1474.7399262	269.5000000	
0.0000000	0.0000000	1.0000000	
0.9997068076	0.0189100867	0.0151230751	
-0.0188129674	0.9998016397	-0.0065386237	
-0.0152437212	0.0062521967	0.9998642603	
-45.5567889955	0.6476274136	1.2895736675	


1474.7399262	0.0000000	479.5000000	
0.0000000	1474.7399262	269.5000000	
0.0000000	0.0000000	1.0000000	
0.9996687742	0.0207819057	0.0151807217	
-0.0206968215	0.9997693173	-0.0057405423	
-0.0152965192	0.0054244482	0.9998682873	
-45.9152054194	0.6695316367	1.2675677324	


1474.7399262	0.0000000	479.5000000	
0.0000000	1474.7399262	269.5000000	
0.0000000	0.0000000	1.0000000	
0.9996264359	0.0224794249	0.0155455511	
-0.0224140491	0.9997392360	-0.0043669757	
-0.0156396645	0.0040169057	0.9998696242	
-46.3272298091	0.6670924218	1.2526733015	


1474.7399262	0.0000000	479.5000000	
0.0000000	1474.7399262	269.5000000	
0.0000000	0.0000000	1.0000000	
0.9996344243	0.0221702787	0.0154756719	
-0.0221256309	0.9997505449	-0.0030503288	
-0.0155394381	0.0027068047	0.9998755918	
-46.7163705323	0.6750749775	1.2433389614	


1474.7399262	0.0000000	479.5000000	
0.0000000	1474.7399262	269.5000000	
0.0000000	0.0000000	1.0000000	
0.9996525733	0.0215459532	0.0151823757	
-0.0215040471	0.9997645027	-0.0029180632	
-0.0152416727	0.0025905669	0.9998804830	
-47.0702371694	0.6627139885	1.3249553507	


1474.7399262	0.0000000	479.5000000	
0.0000000	1474.7399262	269.5000000	
0.0000000	0.0000000	1.0000000	
0.9996453728	0.0218184490	0.0152670846	
-0.0217762793	0.9997585959	-0.0029229556	
-0.0153271734	0.0025894587	0.9998791789	
-47.4316448857	0.6712064136	1.3167064216	


1474.7399262	0.0000000	479.5000000	
0.0000000	1474.7399262	269.5000000	
0.0000000	0.0000000	1.0000000	
0.9996326487	0.0219541288	0.0158928847	
-0.0219070142	0.9997551049	-0.0031325781	
-0.0159577656	0.0027832617	0.9998687930	
-47.8263067689	0.6586138091	1.2933611979	


1474.7399262	0.0000000	479.5000000	
0.0000000	1474.7399262	269.5000000	
0.0000000	0.0000000	1.0000000	
0.9996362445	0.0217360179	0.0159663487	
-0.0216813737	0.9997584943	-0.0035876464	
-0.0160404739	0.0032401690	0.9998660933	
-48.1998263566	0.6473318043	1.3426083740	


1474.7399262	0.0000000	479.5000000	
0.0000000	1474.7399262	269.5000000	
0.0000000	0.0000000	1.0000000	
0.9996703475	0.0202044085	0.0158422894	
-0.0201363231	0.9997873603	-0.0044455140	
-0.0159287397	0.0041250431	0.9998646205	
-48.5884634106	0.6507927106	1.2533742878	


1474.7399262	0.0000000	479.5000000	
0.0000000	1474.7399262	269.5000000	
0.0000000	0.0000000	1.0000000	
0.9997063898	0.0180640449	0.0161500597	
-0.0179850708	0.9998256433	-0.0050219738	
-0.0162379609	0.0047300393	0.9998569674	
-48.9454762569	0.6516820726	1.2521807082	


1474.7399262	0.0000000	479.5000000	
0.0000000	1474.7399262	269.5000000	
0.0000000	0.0000000	1.0000000	
0.9997258584	0.0165396802	0.0165724810	
-0.0164598554	0.9998523160	-0.0049415939	
-0.0166517659	0.0046674586	0.9998504556	
-49.3628769255	0.6556965259	1.2048376505	


1474.7399262	0.0000000	479.5000000	
0.0000000	1474.7399262	269.5000000	
0.0000000	0.0000000	1.0000000	
0.9997730207	0.0136844402	0.0163292150	
-0.0135981005	0.9998930313	-0.0053868070	
-0.0164011838	0.0051635380	0.9998521586	
-49.7234573592	0.6708889080	1.1664659187	


1474.7399262	0.0000000	479.5000000	
0.0000000	1474.7399262	269.5000000	
0.0000000	0.0000000	1.0000000	
0.9997944600	0.0119228684	0.0163976526	
-0.0118409119	0.9999169587	-0.0050861086	
-0.0164569319	0.0048909000	0.9998526134	
-50.0878178532	0.6788248320	1.1821537011	


1474.7399262	0.0000000	479.5000000	
0.0000000	1474.7399262	269.5000000	
0.0000000	0.0000000	1.0000000	
0.9998025758	0.0105585227	0.0168323226	
-0.0104860251	0.9999353857	-0.0043895010	
-0.0168775816	0.0042121302	0.9998486912	
-50.4890055356	0.6716090723	1.1706397275	


1474.7399262	0.0000000	479.5000000	
0.0000000	1474.7399262	269.5000000	
0.0000000	0.0000000	1.0000000	
0.9998099118	0.0102156482	0.0166066491	
-0.0101502228	0.9999404076	-0.0040192394	
-0.0166467186	0.0038499142	0.9998540218	
-50.8406009113	0.6715517890	1.1848183738	


1474.7399262	0.0000000	479.5000000	
0.0000000	1474.7399262	269.5000000	
0.0000000	0.0000000	1.0000000	
0.9997801288	0.0123577396	0.0169404958	
-0.0123025179	0.9999186756	-0.0033600941	
-0.0169806413	0.0031509446	0.9998508536	
-51.2112490389	0.6849034793	1.1472769687	


1474.7399262	0.0000000	479.5000000	
0.0000000	1474.7399262	269.5000000	
0.0000000	0.0000000	1.0000000	
0.9997535792	0.0135920676	0.0175509714	
-0.0135503753	0.9999050835	-0.0024922479	
-0.0175831803	0.0022538115	0.9998428637	
-51.5900840426	0.6816901311	1.2172175650	


1474.7399262	0.0000000	479.5000000	
0.0000000	1474.7399262	269.5000000	
0.0000000	0.0000000	1.0000000	
0.9997630596	0.0124540882	0.0178527415	
-0.0124131409	0.9999200675	-0.0024026003	
-0.0178812367	0.0021804224	0.9998377404	
-52.0112777923	0.6899474540	1.1730800052	


1474.7399262	0.0000000	479.5000000	
0.0000000	1474.7399262	269.5000000	
0.0000000	0.0000000	1.0000000	
0.9997864546	0.0101327109	0.0180103677	
-0.0100805354	0.9999447336	-0.0029854046	
-0.0180396226	0.0028032129	0.9998333431	
-52.3572755286	0.6831902220	1.2245764349	


1474.7399262	0.0000000	479.5000000	
0.0000000	1474.7399262	269.5000000	
0.0000000	0.0000000	1.0000000	
0.9997928182	0.0084526274	0.0185168499	
-0.0083983875	0.9999602177	-0.0030050283	
-0.0185415137	0.0028488941	0.9998240326	
-52.7341368913	0.6931988121	1.1669498361	


1474.7399262	0.0000000	479.5000000	
0.0000000	1474.7399262	269.5000000	
0.0000000	0.0000000	1.0000000	
0.9998106347	0.0040921884	0.0190249487	
-0.0040299199	0.9999864011	-0.0033101793	
-0.0190382358	0.0032328835	0.9998135296	
-53.1296024540	0.6805026105	1.1635945519	


1474.7399262	0.0000000	479.5000000	
0.0000000	1474.7399262	269.5000000	
0.0000000	0.0000000	1.0000000	
0.9998257763	0.0000807340	0.0186657595	
-0.0000080958	0.9999924278	-0.0038915671	
-0.0186659323	0.0038907380	0.9998182060	
-53.4977917783	0.6346342837	1.2214725858	


1474.7399262	0.0000000	479.5000000	
0.0000000	1474.7399262	269.5000000	
0.0000000	0.0000000	1.0000000	
0.9998253592	-0.0014164562	0.0186345049	
0.0015096063	0.9999864320	-0.0049856776	
-0.0186271901	0.0050129377	0.9998139318	
-53.8769094662	0.6761366461	1.1382282538	


1474.7399262	0.0000000	479.5000000	
0.0000000	1474.7399262	269.5000000	
0.0000000	0.0000000	1.0000000	
0.9998203299	-0.0000963395	0.0189551762	
0.0001982189	0.9999855460	-0.0053729487	
-0.0189543846	0.0053757407	0.9998058975	
-54.2439718658	0.6654661338	1.1635645875	


1474.7399262	0.0000000	479.5000000	
0.0000000	1474.7399262	269.5000000	
0.0000000	0.0000000	1.0000000	
0.9998088984	0.0028315594	0.0193429296	
-0.0027225828	0.9999802875	-0.0056579338	
-0.0193585691	0.0056041898	0.9997968988	
-54.6505816728	0.7002044486	1.1274293422	


1474.7399262	0.0000000	479.5000000	
0.0000000	1474.7399262	269.5000000	
0.0000000	0.0000000	1.0000000	
0.9997935683	0.0045815623	0.0197946985	
-0.0044754776	0.9999754035	-0.0054002257	
-0.0198189531	0.0053105202	0.9997894816	
-55.0465978713	0.6968598520	1.1524867338	


1474.7399262	0.0000000	479.5000000	
0.0000000	1474.7399262	269.5000000	
0.0000000	0.0000000	1.0000000	
0.9997800434	0.0066073030	0.0199049826	
-0.0065127643	0.9999672205	-0.0048105860	
-0.0199361152	0.0046798914	0.9997903030	
-55.4603838467	0.7059822194	1.0913173683	


1474.7399262	0.0000000	479.5000000	
0.0000000	1474.7399262	269.5000000	
0.0000000	0.0000000	1.0000000	
0.9997551996	0.0093219611	0.0200659399	
-0.0092433172	0.9999492454	-0.0040084603	
-0.0201022882	0.0038220032	0.9997906232	
-55.8218493556	0.7375274519	1.1015694490	


1474.7399262	0.0000000	479.5000000	
0.0000000	1474.7399262	269.5000000	
0.0000000	0.0000000	1.0000000	
0.9997208806	0.0107260270	0.0210502570	
-0.0106725563	0.9999395329	-0.0026508488	
-0.0210774172	0.0024254488	0.9997749045	
-56.2240724850	0.7537617840	1.0765802786	


1474.7399262	0.0000000	479.5000000	
0.0000000	1474.7399262	269.5000000	
0.0000000	0.0000000	1.0000000	
0.9997345954	0.0083108346	0.0214864786	
-0.0082707632	0.9999638892	-0.0019531533	
-0.0215019350	0.0017749253	0.9997672311	
-56.6429927381	0.7361418126	1.0921505576	


1474.7399262	0.0000000	479.5000000	
0.0000000	1474.7399262	269.5000000	
0.0000000	0.0000000	1.0000000	
0.9997613725	0.0043984113	0.0213974787	
-0.0043583936	0.9999886657	-0.0019164806	
-0.0214056656	0.0018227646	0.9997692109	
-57.0137606451	0.7052287627	1.1423983153	


1474.7399262	0.0000000	479.5000000	
0.0000000	1474.7399262	269.5000000	
0.0000000	0.0000000	1.0000000	
0.9997660880	0.0027889786	0.0214473976	
-0.0027437405	0.9999939496	-0.0021383941	
-0.0214532318	0.0020790478	0.9997676912	
-57.3756984272	0.7092542253	1.1274168902	


1474.7399262	0.0000000	479.5000000	
0.0000000	1474.7399262	269.5000000	
0.0000000	0.0000000	1.0000000	
0.9997531242	0.0011762804	0.0221879912	
-0.0011279963	0.9999969690	-0.0021885257	
-0.0221904983	0.0021629574	0.9997514208	
-57.7768203308	0.7233792125	1.0744541543	


1474.7399262	0.0000000	479.5000000	
0.0000000	1474.7399262	269.5000000	
0.0000000	0.0000000	1.0000000	
0.9997486747	-0.0003015540	0.0224164356	
0.0003456965	0.9999980089	-0.0019653523	
-0.0224157983	0.0019726077	0.9997467883	
-58.1868192133	0.7203572466	1.0441896826	


1474.7399262	0.0000000	479.5000000	
0.0000000	1474.7399262	269.5000000	
0.0000000	0.0000000	1.0000000	
0.9997530237	0.0004533734	0.0222190474	
-0.0004159303	0.9999984858	-0.0016897693	
-0.0222197799	0.0016801104	0.9997516985	
-58.5850794312	0.7169755541	0.9995158191	


1474.7399262	0.0000000	479.5000000	
0.0000000	1474.7399262	269.5000000	
0.0000000	0.0000000	1.0000000	
0.9997415637	0.0037104079	0.0224285239	
-0.0036826561	0.9999924017	-0.0012785229	
-0.0224330973	0.0011955959	0.9997476315	
-58.9388452719	0.7260440024	1.0552116226	


1474.7399262	0.0000000	479.5000000	
0.0000000	1474.7399262	269.5000000	
0.0000000	0.0000000	1.0000000	
0.9997176242	0.0055243087	0.0231117674	
-0.0055183591	0.9999847222	-0.0003211976	
-0.0231131887	0.0001935679	0.9997328358	
-59.3772350362	0.7187955336	0.9606376918	



#3D Scene Points: x   y   z
564

-14.0165325	-44.1825192	316.2360457
18.3723713	-11.7585446	345.9132204
-7.3914451	-15.6290606	311.3650087
-91.7210640	-1.1775105	306.1600763
3.7336897	-29.0537115	304.6586995
11.0303755	-2.2388422	356.6013439
-107.1675952	-34.8907479	371.9614728
-23.9976603	-31.4151534	308.0955289
9.3676919	6.4299205	351.3392362
-91.8837260	0.8605269	342.4922463
-94.2339274	6.1631224	309.1499182
-18.5599634	-30.5977039	320.2360996
-45.3921301	-30.9936144	295.0568235
-17.1777145	-23.9432853	300.7049070
-44.0156030	-7.7980176	308.6135805
-89.4100091	6.7509327	354.8962905
23.9215094	-9.2071885	328.1468472
-109.4996877	-47.6055271	359.9296251
-57.4546861	-12.7104269	300.0000000
31.2356589	-6.6786467	359.8478014
-4.5975897	-10.4755434	315.2488478
13.8638627	-45.1320011	290.0399697
-10.0503946	-20.6299056	319.6781548
-33.9105532	-28.0085478	290.7703932
-51.5725071	-12.8468054	290.4747141
-59.2793864	-20.7464082	288.0740489
-28.7187044	1.0131550	119.5147846
-51.5929208	-24.7019268	281.4689785
-1.5728214	-16.0360701	334.8317125
-51.5222020	-16.5743691	313.3566814
-29.7893277	-22.0479119	303.9511475
-56.4450228	-15.9666141	288.6749656
32.6926875	2.0312913	307.9472970
-26.8546565	-0.1125128	119.8450703
-13.8078269	-38.4889450	329.8070923
-0.1034596	-31.8145434	293.3760951
-95.1890000	5.1912411	332.4468747
-15.4193608	-16.0819032	307.9601174
-107.6741813	-42.7613644	366.2714133
0.3495207	-11.9493732	345.3359122
-109.1402990	-22.9096936	354.0228832
-41.4708676	-34.9342250	292.5274977
-94.8126419	-1.7410820	333.3125537
-105.6347909	-29.6446648	361.5860544
-20.6936649	-36.2626802	313.7742978
-12.1076061	-26.9593837	326.1976110
-49.4803815	-29.2084337	281.1924629
-112.6471876	-38.4446076	367.5595651
-11.1945236	-50.8313745	315.6740835
-15.4229492	-35.3298226	336.1513557
15.0842599	-0.4610226	340.2055921
-108.2097190	-16.1042188	358.5668999
-26.6619911	-28.0084669	294.6861963
38.4928687	-8.4760088	299.2553803
-91.9337584	8.1530282	341.6451963
9.1781104	11.5056686	347.1632371
-28.7728519	-1.5061408	119.7979045
-48.1810919	-41.9096626	303.2261631
17.7091989	-16.2499052	329.7866239
-109.4254970	-27.6752184	358.5890625
-14.4614740	-20.6426976	321.3860700
-4.4372854	-29.8325263	308.6678610
-52.6069250	-16.8037588	295.0692473
-7.1767619	-47.9508424	314.0537034
-10.1850354	-44.4394737	326.3809866
15.2673128	10.4110124	353.3960978
40.4941206	10.4407689	321.2577859
-19.8406971	-21.9946378	289.9747352
-111.1816623	-42.9352395	362.1572374
-50.2684255	-34.7877768	295.7478157
-15.7823746	4.6177303	349.9160355
-3.3002928	2.5819210	340.9627003
-23.7884183	-18.0007660	305.8207008
-44.5361713	-51.1596961	326.8619608
-45.5323819	-24.1990512	294.9852637
-41.4213725	-7.5827082	315.0369103
-19.8281184	-13.3349061	308.1303478
-7.3846932	-25.2059698	305.5690595
16.3688767	-6.5135160	337.8900208
-26.7073560	-13.6803020	309.7195805
-47.0190194	-46.8810286	325.6126756
-3.2996414	-41.7137676	313.7318646
-34.2368538	-38.4635628	292.8167013
-18.8649313	-42.1090062	305.9038907
1.7869165	-24.8010508	290.9310918
-61.5791111	-15.6114880	288.5383457
-30.8043577	-30.8358820	295.2982037
-53.7276974	-11.8374853	329.0926677
-53.6344012	-21.2143992	283.0287230
-36.4752572	-49.9861328	322.3738997
5.9698811	-9.4814262	352.2833501
-110.5845862	-32.6449277	361.2473954
-53.6834287	-29.2004310	283.9557313
-17.2024897	-49.0851298	307.7330827
-33.3684986	-23.3800270	284.8092290
2.3712669	-42.1714709	298.8262052
-82.3778585	27.3423369	286.5857784
14.8320149	3.8718154	337.7017014
2.4836573	11.5616329	346.8635418
-2.4222500	-22.1409060	309.2013931
-11.6120940	11.9200861	98.1411265
-23.2855826	-27.6776685	308.3287648
-15.6857737	-8.7685170	321.0740120
-14.1373418	11.5361170	346.5875524
4.3601979	-32.4005707	279.7011643
7.8455169	-30.2821778	313.8935674
-33.2745175	-18.2441104	296.9357278
12.0133308	-13.6232692	318.3983026
-4.0493420	8.1737397	342.1014074
-40.6426387	-15.2637738	302.8850583
1.6736550	-19.4839395	295.4167949
-9.0920783	-11.9982070	317.4336947
-41.8914812	-23.7141940	299.0511904
-20.5308121	-18.9434777	316.6518217
-27.8949662	14.7783507	95.0905666
-7.6553952	3.6436621	337.9759029
-105.3432211	-11.4675367	360.5737702
-15.6726586	13.6403840	83.8759115
-58.6055712	-24.4945232	289.5225274
-38.3391770	-27.4205676	284.0911897
-41.8358700	-45.6089962	324.5315988
-2.7774935	-1.9032850	337.1569950
-9.1950502	9.5112165	341.5360984
-1.5355513	-49.0031657	304.0117508
-6.6948605	8.0444048	96.0815514
-11.3609753	13.4828179	92.2980196
-26.9336136	12.5653138	113.2250273
-12.3498964	13.5226418	90.3283063
-8.6591626	13.4125518	90.8113129
-26.7380270	-22.6378025	308.9615106
-38.4442700	17.4489336	132.9215324
-39.1820962	-11.6211718	307.4463231
-23.5241885	14.6336509	89.6969875
-34.2206538	-31.2509980	280.9129778
-28.3300555	-36.5092521	279.3314507
6.0624656	13.5558614	120.1313365
-25.1690174	13.9707939	109.8143841
-41.5069039	-16.7872891	277.1344750
-5.7807534	13.5072617	85.0712663
5.7915061	-39.3720498	278.8444699
-48.1685977	-21.7539241	286.6773580
-46.0132183	-12.1464742	309.6799590
-45.7044548	-34.2287246	290.9279040
34.4128894	-1.7197434	375.3072521
-27.1503617	15.0419639	97.1567047
-33.3292139	-8.9658414	294.7740834
-13.5772717	12.7505580	97.2452571
-37.0308539	-17.9294339	274.6550799
-48.2569390	-25.2269932	282.7439102
-25.0234578	-35.9801961	308.5594201
-98.4052124	15.4611525	321.3941326
-9.6252194	12.5800258	96.2371850
-18.7793364	6.3151594	320.1123173
-30.1955599	15.6080464	109.7613749
-18.8804354	10.7218989	103.3978744
5.9858002	-18.5888924	277.0472964
-36.1754968	-35.9773291	279.4384505
-31.6902007	-46.5980805	311.2762130
-9.6427399	-29.1585911	300.8310121
34.4989147	-1.0955139	282.0484007
-23.8457636	-40.1647399	310.0573731
30.6848537	5.1448919	320.8533902
-2.9947697	13.0211199	94.3992044
3.0558081	-43.9978650	272.8570272
-83.1788819	26.7952820	300.3579675
-9.3783117	13.6190423	84.6538150
31.0202470	-6.8022219	303.3701947
-4.1150926	7.1226635	96.7986050
-6.2152397	9.5104206	94.8963082
-16.3842480	13.4369729	100.2003407
-22.9838934	14.0134236	110.0367322
-3.0943475	-25.0490538	303.1616228
36.6277392	4.8622571	290.9843832
-5.6633217	6.1067917	96.4285284
-2.3173018	-46.3303948	310.3423874
-23.6991871	14.0885660	94.0755077
-6.5870950	11.1501585	94.7577908
-95.9612416	27.8469349	311.6186831
36.6585231	-4.8531414	289.1358705
-7.5025713	-33.1988040	299.5287303
-9.5895282	10.9785664	95.7745732
-20.0025135	13.9476358	94.5512396
-7.5177594	9.4593007	95.6144688
-5.0098159	9.9236838	95.2836154
-8.4238779	-7.7142256	311.0737940
-5.3093324	7.5003333	95.9987008
-14.7801451	13.7230814	93.6749471
-31.0437850	-25.1279828	297.7718255
-5.5659301	13.1299569	90.3297187
-12.3032478	10.4398815	98.7296003
-22.1353285	-42.9804815	293.0720216
-7.0699851	13.2633310	86.5969513
-37.1194153	-13.6811403	319.2161913
0.9439238	-35.2311168	285.7293099
-27.9774501	-32.4435126	284.4724133
-16.3322049	13.5280382	91.5044823
-19.9651089	13.8351175	85.2208701
-4.5360257	13.4554289	85.5481747
6.2752090	-36.3042285	281.2432752
-17.1987351	-4.1402052	307.8349590
-8.9178791	8.5659293	96.9640188
-14.1979549	13.5595512	85.6300430
-11.6389997	-16.6897065	317.9027542
-96.6874062	9.9039108	313.2746165
-95.6152574	22.3421335	310.1486302
-9.4430477	-39.7073705	320.5200683
-36.3755524	17.2574271	134.0832559
-21.6545342	13.8773006	96.6623513
-4.7071941	8.6681197	95.7066943
-17.5552416	13.6184771	99.2950885
-23.8438249	14.0499541	100.6284459
-25.8959088	-38.5378314	290.1622144
-4.3879385	11.0803097	95.6782732
-3.7827054	-32.0209578	291.7476402
-26.1684337	-10.1545381	313.8716722
-10.4601008	9.5241275	95.9005407
-29.2660440	-13.0646234	300.2920518
-27.4916459	14.4826614	89.5072703
-6.9562405	6.6951733	96.0897559
-98.2371467	22.9060795	333.0234784
-86.1029982	30.7948820	343.2162065
-1.4335220	12.7672578	95.4922284
-88.4497895	23.0691254	354.0693631
-15.8987602	-12.9031736	307.0595019
-13.8311428	10.2062149	100.2425126
-2.3878113	9.9889599	99.0430315
-27.5718880	-16.7838228	288.3989486
-12.2035490	8.6776227	97.5411130
31.9838257	-1.8903587	303.6063441
-40.7198866	17.2458017	131.6731670
-27.1916210	14.5608644	111.3271893
-2.2101391	11.9967967	99.9510719
-2.6265407	8.6019220	98.1740357
-26.9576340	1.8584753	120.7352548
8.5791747	-41.3443445	283.3222902
10.1081800	-19.9635793	267.8064380
43.1861158	1.7261904	303.7964672
-26.7388865	-46.7267447	313.1252679
-105.8884559	-22.6743467	360.3991238
-107.0106089	-47.8240423	368.2027493
20.7992251	-47.0391974	306.3492773
46.5810451	10.7536585	334.7320211
-88.2604645	2.1622798	349.2230423
-8.6581950	6.5411760	96.5421699
-90.8380400	25.2469769	402.8480849
-64.0808138	21.6567242	202.7033569
46.3102525	8.1681649	303.6416366
7.2968119	-29.7582689	265.5395240
-87.9284200	-2.3904159	344.4045433
50.8890156	1.1932386	320.8225046
-25.3306805	14.3944754	95.7412643
-88.4720283	19.3610485	365.4892493
-95.9373739	0.5662938	305.8280438
-16.6369534	13.6307214	83.5050710
-90.3610923	7.4927242	384.7812128
-4.5378593	13.8186576	350.8491258
-17.7263163	13.7133936	83.2609607
10.6826779	-37.0864565	287.1573094
-43.5405160	17.3546620	135.1655864
11.0487989	-23.8682499	269.9866920
-111.2260971	-15.1081014	351.4761700
-89.3042368	2.5133515	364.2191862
49.3649827	-8.8671040	306.2011660
48.9147181	-5.4204401	308.9633266
-30.1397196	-9.6669977	297.2263002
-76.5321731	30.8685095	329.1324801
-2.3913712	5.6903098	99.4340387
30.9559341	-11.2581654	347.2404938
24.3323365	-16.4785965	327.0483118
53.1089513	4.4968701	317.8791374
-113.3863341	-47.5750335	357.9264525
-26.6129430	3.3158933	121.5443966
-98.0133949	5.0461442	309.3107372
15.7336034	-41.6580710	290.4250333
-89.2764800	20.5727371	411.7716416
-112.4950453	-27.0924753	354.6865324
17.3134659	-37.8596700	292.6417295
11.0163778	-31.5754612	269.2454637
56.3757790	9.1974465	335.6362715
-111.5735158	-31.6450948	350.4696834
-45.0623850	17.3026856	133.1999286
11.1645912	-27.1459061	265.9996050
-16.4263966	16.3758389	320.5728151
-31.6671972	14.4939309	90.8275305
29.7711222	-16.3265948	328.6455293
52.9489660	0.7386443	310.8055604
-88.5116769	5.4849281	399.2634819
57.3992507	-10.1028846	325.5722124
-9.5988621	13.0776307	325.8396941
-14.9236052	13.0267456	98.6732320
-81.5791849	24.8727235	250.7373192
-114.2735514	-38.8708156	358.7111821
-113.5253730	-19.9640045	353.3400409
54.8132131	-5.8579062	310.4459057
27.1804978	-21.3355837	326.5960762
58.8740287	4.2576808	324.9528722
23.8323357	-46.4355172	295.6368999
-87.9939370	12.3396888	376.6567085
-113.9621582	-52.0451390	355.3985716
-109.5271845	25.4737223	342.2042321
59.8482329	0.1911228	325.7237429
29.7853578	-48.6367768	300.6016479
8.7325721	-43.3459506	271.7670121
-97.6735995	-3.5099849	301.7127748
-33.2058551	14.2590344	89.3133046
-76.4946310	32.3124022	350.0298839
63.7697301	9.2048341	347.6856172
22.4574115	-39.5813059	312.7945990
46.2785887	-9.3093003	317.8369874
16.6216678	-32.5992542	288.6761185
-87.4721514	12.6639443	399.2149768
-100.3182185	0.0480072	306.4133998
26.6376611	-25.9622958	315.3243826
13.4685663	-26.9522915	265.6167719
-23.7854695	-53.7488057	329.0224058
-88.7343792	27.0452637	443.1830182
61.2515866	-4.6231705	323.4209823
66.3691324	4.1546625	340.1819088
-0.2896120	16.2702538	351.4202475
23.7143577	-43.4198257	312.1674539
-86.1128539	20.8453730	426.2672543
-21.2181185	14.0923462	107.9660226
-19.5089777	13.3059254	104.7633518
-31.4415245	15.5035628	105.1732340
60.6815113	-9.7333462	319.4795596
-84.1816006	7.0029104	410.7990971
65.4873735	-0.8189593	330.8497358
29.0490383	-41.9263132	329.1760668
-101.4771147	3.8665541	307.0966523
-49.0599627	17.6195336	134.4326567
30.4628984	-16.2924391	302.4577349
-6.5585743	19.4088754	372.2778347
-121.1077500	-26.0360310	367.3626915
-119.7060223	-45.7691577	363.7662659
67.3477804	9.4895041	336.4568576
35.2292733	-14.3533457	311.3832041
4.8227850	16.5274846	353.1730090
30.9000935	-25.1567959	317.2912709
-83.9787141	20.9679290	456.4408299
-79.2575930	24.2814870	234.5195233
-111.1060875	-27.7761807	332.2606201
-118.0537251	-36.7035742	355.7000782
66.1647699	-5.1049302	326.7368795
-86.2290296	27.8555131	483.0069631
28.7556142	-43.9818016	272.0666537
-34.7320747	17.1758945	134.3997060
6.2554038	-14.9025657	296.6304644
29.1867844	-46.0985310	307.8919685
-117.5469083	-49.9219445	349.9612393
-90.3178481	14.9687128	441.2419910
10.7569853	-11.5985709	364.5616926
69.7973093	5.0248821	335.8614497
1.9118996	-14.5638187	283.8317865
-120.0567442	-21.2536416	358.7146926
35.8490583	-42.4773466	281.5347305
-40.5943638	15.0612520	101.1378332
25.5621784	-34.5548026	308.3630269
-85.6040060	38.0850544	449.7405848
32.7500882	-22.2207473	304.2813813
31.0910487	-42.2582255	315.3197607
20.7522956	-51.7420659	311.3729545
-106.8343629	23.8766380	317.2231615
-28.4650722	15.0528792	107.7399966
-50.8282788	17.3020580	133.8518805
-47.6943263	-7.7266848	306.2834442
-7.2558386	-49.8926475	304.2904623
-77.8576947	22.3614976	461.6980540
-84.6711137	12.7179733	438.7742217
4.5766163	-12.4788693	320.2551325
-13.5891405	13.4855593	93.3083450
37.3624043	-48.6778444	330.3665453
-76.4629002	27.5382420	449.2674972
27.5744425	-31.0581223	296.2213170
39.3319722	-12.1807503	302.5963131
36.1689785	-17.9666284	312.4557493
34.5521832	-9.2169326	300.2488947
31.9824772	-36.7096368	304.6625093
30.8772286	-42.8173607	257.0740346
-52.4371408	17.4737155	133.3085879
-93.5316013	26.3884769	268.8467141
39.7488274	-23.0432734	317.8326417
-98.8206690	3.8076109	283.5230723
-117.1745497	-53.2232435	342.9193485
-78.2202960	40.4093261	477.4792872
-56.7027681	20.4005382	172.4628305
47.6611704	-14.8940568	330.9348559
-13.0374383	11.9277618	99.5530045
-83.7927756	13.2694548	472.1344487
34.6808539	-32.4536589	316.1511452
38.2844902	-16.7203211	302.3516275
-93.5914846	29.3388071	318.1780935
-78.1754160	31.6807572	514.0578073
-77.4281352	21.9913356	503.5774897
38.3746082	-46.1806412	276.4186597
28.4025970	-36.8061120	274.2393585
-6.4751685	-19.3109848	307.3799158
33.4032423	-33.1422414	284.7799421
-85.6015924	8.6106343	550.4577734
31.1744532	-25.4871703	293.7824556
-127.4168001	-43.6088232	373.4894538
42.5348533	-44.5629718	274.7028336
39.4230449	-26.3725133	304.8871933
-125.9411024	-39.0418579	368.8334303
-93.0338862	-3.0195161	257.5747679
-86.2958690	16.1311257	550.2242114
44.5263793	-12.6052050	291.5113824
43.3548752	-23.5407093	319.2153083
-16.9255137	8.9791190	102.5491221
-72.8315531	31.3723799	528.3115478
32.5764785	-30.1754350	260.7891358
32.8217731	-36.7206542	276.6172724
44.5169209	-18.5359291	316.5652257
-80.8407306	9.4732213	576.4855832
13.3124310	-29.5773577	325.8899956
48.3271119	-24.3626272	319.6014293
-75.0390976	38.7448481	502.2203377
-119.3826666	-45.5769815	341.9119283
-103.0440973	22.5757822	289.4097051
-52.3876619	-3.3229514	317.4343191
48.5444028	-20.6338273	312.0127534
-57.7366274	17.6828103	136.6361096
-80.7731216	22.8491383	213.9728213
-78.8857459	16.4313997	541.5313522
-65.6079246	41.3768724	531.8636455
33.0044816	8.9760476	306.6705730
-96.6872967	0.9178861	263.5486085
-97.1444940	4.1856128	263.9267381
39.4598438	5.4255269	327.0064474
44.9467666	-33.9000812	324.0163697
34.3610303	-36.3743832	269.1071122
42.8811654	-21.7557176	277.2913665
-6.3155522	11.5438629	186.3061778
37.5444226	-32.2028215	266.7731560
51.7057703	-18.9303580	309.6554349
56.9410039	-15.6689548	324.2505366
-47.6721513	-3.2481093	311.1208505
-58.8076444	17.5337716	133.9567075
46.7724262	-28.9343240	323.4147153
-69.9636553	23.1573409	563.3382381
-105.5050542	-16.2967266	367.9078257
33.6602610	-42.1509738	288.6932751
100.4280579	43.3377690	878.9634519
-74.3853204	17.0956159	573.9350333
-126.8698216	-53.6366144	363.4362238
-56.4225371	39.3251104	523.2776762
-98.2216797	24.3723454	263.5148166
49.0313783	-30.2384332	309.5788516
-45.6356766	4.7229081	319.6933442
-82.0845634	22.8528232	208.8715321
-123.4010192	-31.9311788	343.8247366
-99.5201987	-6.4412378	264.8269306
-134.1548851	-40.5262237	380.6713371
-53.3530999	-8.1054359	330.2037450
-125.3061491	-41.7368282	350.3706698
-64.1991907	30.0613752	694.0341989
-99.6660195	19.6088797	267.2785689
-29.3801867	15.2118273	98.4053794
2.3107291	-48.4667025	302.7713942
-55.8739953	45.3139553	515.6692631
-27.2058191	-1.7880427	120.8752542
34.0894191	13.4836328	310.6043697
-69.9221291	16.9376296	608.2136352
-60.4661891	34.4287832	614.9920755
-46.7348299	-18.8452883	297.7638073
-99.0234959	1.3114709	259.2954680
-99.7193043	5.4144269	261.0822645
-132.2867134	-48.9846499	370.7353519
-62.1896611	17.4950812	135.2488950
-45.0677080	-2.5759320	332.5439639
-62.4666035	38.1781042	850.8801365
-58.0695058	47.1824229	742.7429408
-56.7964647	16.3035483	114.4741181
-50.5822020	54.5829826	628.9124277
30.2971723	11.1050497	315.3503105
-37.6588471	-23.9491848	293.2805904
-129.1809694	-51.1937076	354.5337911
-69.2800097	21.2843970	703.3650821
-11.0885044	-33.3077173	299.2897345
-34.2607862	-15.1998332	333.4395893
-81.3283069	21.7518556	196.4997173
-92.7928318	24.5077438	339.1780122
-41.1088702	4.6483683	337.9877913
-40.8509281	-2.9964991	331.6528594
-47.4770195	-16.1309489	312.2746129
-114.0016790	27.2650275	306.4445674
36.1140253	13.8140302	300.7188952
-64.7003262	17.7083955	137.3657569
-53.1199623	51.4684622	1093.7314994
-54.7682007	67.0085821	1162.0603352
-109.3372215	21.8230624	286.4996806
-52.3453533	60.2619148	834.3923826
-41.4145061	8.7310591	331.9873015
-98.9155576	28.9937950	303.7329837
-53.4247283	14.8406778	95.9763347
-32.5070286	27.9578115	284.0964680
-29.1381195	15.1900980	119.5686577
-139.6593161	-45.8509623	383.4669838
-37.6433488	6.5989092	360.2731925
-41.0667376	66.5041919	892.8831392
-47.1047911	17.3962503	133.7202356
-36.2515364	-4.4595575	323.7192971
-65.9604191	17.6175842	135.0807333
39.4321899	13.4576768	298.1461827
-104.6834156	1.7830615	263.9789556
-39.1075309	60.8031546	1111.7435749
-136.3281365	-47.8807793	367.5453215
0.8454224	-15.9536489	313.1113700
-31.3755953	22.0050195	193.5896110
-83.6121977	21.6209419	194.1546242
-36.5604911	0.2045692	347.4382374
-27.9193236	-52.9291862	323.7973332
-28.9000989	29.9594502	307.7306606
-26.0028906	77.9402068	1122.3194403
-34.5834018	10.2265988	338.2954113
-137.1565674	-52.9894767	365.6311847
-22.9522577	-24.1114586	312.2079553
-98.5423737	-8.2661293	236.6986326
-97.7137333	-5.2139311	234.7927015
-68.0731597	17.8179874	136.4050871
-48.1812723	22.2405467	193.7606346
-56.8808331	15.4256377	102.8455986
-32.1237010	-5.4787221	331.0017530
-32.1903403	-51.6512769	315.5106996
33.6054707	16.9241132	308.2000865
52.3774555	14.2655284	336.6393272
-33.1104349	4.2514008	342.4162845
-101.7215460	19.9076627	356.6543009
-26.0592155	13.2915831	351.3251929
-99.3965837	-7.5410002	250.2581404
-25.2153165	62.9102861	759.2516915
-88.8127282	22.1083233	203.4625044
-100.7764922	-1.7536729	241.6633793
-128.3006966	-55.0898321	350.0150250
-31.7184721	-1.1715140	355.2088426
-60.3302826	15.7593781	105.0093727
-107.0918748	14.6879499	263.7542853
-17.7789419	54.4803242	1090.8040815
-69.4027230	17.5635879	134.3662216
-26.3282960	14.6383255	103.6610327
-29.8384563	17.3845423	150.6350174
-51.6222103	20.6677734	178.1047108
-1.0411091	-29.2502897	305.7263609
-11.8228233	14.0382733	180.8633012
-27.8106568	-3.9762206	310.6293147
-52.9670999	15.7095448	103.8198081
-26.8721457	22.0454284	225.4287357
-28.2840757	7.5566259	345.6025517
-100.8004753	10.0937256	235.4012589
-12.9875830	16.8329946	173.1878471
-98.1281696	-3.1398464	265.2014753
-145.1694481	-50.6697639	382.3734614
-22.1536573	-9.1996970	310.3767313
-88.1442462	21.1448605	191.0798247
-72.1078562	18.0006655	138.5335504
-27.0519645	0.3941173	354.4296365
-41.9020879	-27.3899527	298.8864091
-102.9049343	-1.9701760	240.4537075
9.0239205	-22.9385758	282.5064399
-139.9628380	-54.1075949	359.5511940
-102.1065694	1.0182785	233.4384875
-9.2777826	11.8014299	183.3897119
-101.9910795	22.3600358	235.1134637
-102.3385360	13.9364996	235.3225492
-102.9461993	17.1998906	238.3054127
